2d7836a1-6301-408d-b2f5-c720ff6f6160,True
50faaced-f25c-480f-b5c5-51c8ee42d9f9,False
3de0e5fe-7c26-4b0f-a70d-d5866b2432dd,False
27c8a329-86a4-469b-ac08-fd545ffc2cb0,True
31e71f5a-f44c-483f-8846-e29f0fd978e3,True
0a2928c6-4223-440d-8d3f-9f0e1acd2020,True
8a51df27-25af-4454-80bf-dc9243dc941d,True
1a273d67-cf7d-4dbd-9ef6-a2424a01b4cf,True
0d921ccf-582e-48c7-a673-452982330838,True
a4d76107-89f5-4235-a213-8bd000d8dd37,True
400645cf-34e6-4195-acfb-97dde9292702,False
8ed792ff-cc00-40db-ad87-1f6ac9eaf9f6,True
2e54633a-84a8-47ce-abc0-298a0046c41a,True
20e02fd4-bcdd-47b4-ad21-2886a66b26db,True
2d660ebb-2362-4cc0-b599-1907a59c6875,True
dbb3902f-5219-4652-baca-bac74a1a0643,False
829e7a65-d823-421a-99c7-4ccc9ee68d75,True
cf99099c-2bdd-4298-80ba-60cccf02fc35,True
7a68d620-92df-4c79-b742-04a97c96f8f3,True
bfffa3a4-415c-41b6-b0db-304ac4081448,True
30ffee94-6404-4ec5-8607-23da5f3a05d0,False
2cd9e630-a03a-4711-8cff-f8dcf828adda,True
197a240e-c503-4ac4-ae37-9acee082f679,True
0af394a5-aa86-4a03-8195-3f67cc33077e,True
34178547-740c-4d07-a42e-b45f26b9483b,True
333ac600-bdb6-488b-8fda-0b89245acf29,True
6a08266a-8c13-42d7-86a8-ecf64898d9cc,False
a56fec50-7346-49b8-8009-86e0cb85dcac,True
252a2e10-b7dd-443e-ab16-bdec63819740,True
d4889870-afee-4f51-b53b-6ccb7ea840f0,True
ede1bc6a-013c-49d5-983c-0600cd98ed6c,False
ac7c42a2-272a-4657-8cc2-467c4d707a6e,True
eb009e31-0624-4dfd-8125-faac0fea8e35,True
ec54d71f-4f4c-484d-82ac-d77f370693c2,True
691ec026-3333-438b-97cb-ca37eea1c5ac,True
0bb793ab-21f0-4936-ad81-b75b96130020,True
d720ad23-919a-4519-9958-609033f42879,True
173e3004-eca1-4628-84b8-70061a64fc77,True
70278677-3181-43c3-9ed6-2b890341a6f5,True
e3efff14-de1d-4877-9966-d79983b0302c,False
8ce980f6-b398-4a79-b8de-06d464da3b88,True
95e0b997-b496-4dee-adfd-2465cabdbf39,True
f6d16964-2b57-475d-a45d-846e08b2be84,True
134edfed-f333-463c-8d6f-f77aa7b7f1d1,True
57a40dfe-4406-4180-8a23-7b483ae1ccc2,False
dbc41c45-ad24-46a8-8d35-3389ad45f0b5,True
f85db604-9dc1-4a57-9757-b45e0f6789f0,True
64f1afe9-4b8b-4187-b209-b9ada43d2c85,True
a3e21201-b993-4831-90bc-d4ccd011e57c,True
ed1db1f9-2996-412e-8655-82989696bf68,False
7f47c777-80a8-4a30-8ec8-473050949969,True
3b343573-e9c2-40d9-9bee-bbf455b07d2b,True
a96b7ac0-604f-452c-9949-a3c06753b1f3,True
23cbca21-5474-487c-9a0c-f02bc65039ad,True
f4d96134-9f91-45f5-9396-67373a03553a,True
358f9371-dc32-4b55-b373-e6cbf17f80d7,True
f6966211-e7c8-404e-8d08-14c181410ae8,True
552d2437-587b-4dae-ab57-082eb97515bd,False
fe3e803b-0d13-4f46-8b60-f866b0d9f075,True
4a6dbbbe-209f-4c50-a019-813a2bc77bf1,True
e2fdd92c-517d-431c-b9a5-ae3b2f8c9c0d,True
9223d7bb-c4c2-435d-8102-a213bfdd9d75,True
758a0c11-5c58-40aa-853a-d7259f414bac,False
65850214-9c12-422b-aabd-d0df7a734e07,True
941ca3dc-1956-4d08-85f9-8810f79f37e3,True
ef86ee5a-4cc2-4513-8c9a-24eb6004ed6d,False
3ba69f82-20b0-463f-b40d-bd29ebb3e1e3,False
9c8ec0f6-fcc6-40a5-82a1-f1228fdbaed9,True
414013e4-9b5c-4ffb-b809-d96d85525796,True
feb8a502-9a64-4274-ab8d-91bb62011d74,True
2994a371-e6d1-48a5-a058-9e7529404b1d,False
6bf707e2-e197-42f3-8bcb-ae21b1fb8386,True
5f7983d6-f7ee-48f2-abe4-91b8eca0dff9,False
4349bf99-9a58-405b-b39f-e742162dfb37,True
01328231-bbf5-4832-9da5-7c53ffff0eda,True
de14acc8-e251-4ff7-a41e-86c719c76991,True
05fe5dc4-23c2-4a19-a9e2-849af9a0486f,True
3d6ac7b9-37e3-4636-b1e4-f81ab67398db,True
9809a330-975b-467f-abab-087339e7dcd0,False
3b7ab1d4-71d5-4d84-a2ce-ddfb7d85e35e,True
7ba6e0c4-deca-43eb-ac9f-2121381da4ad,True
73c7a5b4-b985-4f15-abbc-11ee6158921e,False
e8a50ca4-f9d3-44f4-a158-8e0ef9ee3971,False
98798349-2730-4345-8313-9674df1d79cf,True
bfb975ec-62de-496b-ac09-15f7dcd7187d,False
d45e3a2d-2452-4d29-84bc-a2cb07ed041e,True
8388c24a-68cb-4791-a970-6771dbce9f60,True
20c67458-65ea-42ec-ab4b-49c55a761766,True
77cdb487-0603-4633-981b-e6b72e3a108d,True
f52c1074-c185-4682-8856-a18540fc6a2a,True
e7cf3581-0560-43f1-97fc-ba15dc72df41,True
a74ec95a-8aa9-4333-ba97-3ab40756b14d,True
020518e7-977c-4009-87bc-891f434c7eb5,True
47300f3f-0976-4ac4-bb34-3ac6ba4398b1,False
0588c7e0-d0ae-44e9-b615-8c120cad678e,True
9318f675-5911-4899-be7c-7d01fb8d59f4,False
5349637d-1695-4df1-b004-91130dcd8472,False
0173fb01-2373-4e59-b9b0-0bd026d33c12,False
41e7dfde-5269-4eb7-be70-54ad4c24bfae,True
434604c7-1cb2-41d7-895f-e2cdd3359777,True
f596ec61-40a8-47e3-b94f-6c4428a4e95f,True
af4ea38f-854d-4308-aaa4-008be6e7562f,False
14eed8d6-0e5d-405d-bef2-8daf65349dfc,True
7ea7230b-a576-49fa-8a0a-dc38e1c65a59,True
fcb0f4bb-7b27-4ac4-8952-6682f6817820,False
c4276aa6-abae-4665-9252-76125c7b6e53,True
c539b6d5-2edf-403c-8e49-819e35f4cbdc,True
0b1464cd-90ec-47fc-ba51-42b9651fe92b,True
e31e3d17-5ed0-442d-96c0-e5c1def87bf9,False
09e31ef1-10ea-452a-92cd-8d37b56cbd06,True
285c1f53-1b21-456d-9853-c354801fac5a,False
49bfe5bd-321f-49f0-8c77-87be0df045f7,False
b023edf5-2710-4ecf-935c-8c27efcd796e,False
ed68ab15-b534-4504-ae76-2e0ffe3a3d33,False
b22ea11e-3d4f-460d-8487-eb40fc7cf8a4,True
a85f1b6f-a736-4f6e-aa41-4c1c8768b2e2,True
8da6da78-bf0e-4181-94e6-6b5ed31563a7,True
abb1d52f-65c7-4fd3-8757-5a104a55a5f7,True
bc8ad861-f072-4023-a473-659ee0be4040,True
0b459ea9-0da5-4eb3-856c-08ac78c68071,False
4d8d03df-f01b-464d-bc7c-639eec854cae,False
69792b1c-a9da-4c81-b2f0-5a962ab3663d,False
30a1017b-6d25-4cfa-a824-cc5930af9fb2,True
4ca36ff2-2554-4fbd-acff-30993644b6b0,True
a4066801-8766-495d-8896-b6316f31507f,True
84473e8f-53ee-44cc-8e40-87a0aee1462b,True
da9892d2-dab4-401d-9358-83e2662f6b03,False
6e46d878-0830-4716-b286-759f093b9191,False
9ac0a00e-1f5f-4e86-b213-a1c8c69ef577,False
758c0035-37be-4621-9603-ddc7159f56f3,True
4e57d24f-2911-4498-ba1c-669fe4c8de8f,True
68092022-a5d3-498d-9765-4ff46fe123a2,True
ea0b8ba9-7f03-471b-8983-ec31460fd55d,False
f7764e4e-6f10-436d-81ff-451726e2cb34,True
29aa6419-01ac-4cea-b5ed-9f5d83d1898a,True
ed89c0e4-75a9-494c-8c92-2c008d382c22,True
7e9bad62-988c-4392-982f-dfeb4e56b5e9,True
276895c3-cf34-4111-823f-6e666bceb4c7,True
a70b78c5-53d7-41a3-8799-3a11cbe3fbff,True
e2fd60d9-f6b1-4b10-b455-00842902a0bd,False
20cf68cd-0ec8-4c02-bcae-bd79714afb69,True
6b96a925-9f20-45db-9b3c-943c181aea4c,False
b9c3af99-26ce-4a76-be42-32411ece7316,True
4c97fadb-1012-4219-9ad9-0a08abe8cd90,True
c730b371-5fa3-4515-b5aa-70a130c48fe4,False
c21110cd-b9c4-4d85-ba09-f934a6b1fb26,False
a1fa59e9-42ff-44c6-b0a3-02962ec4929d,True
10131403-5ad6-4070-b528-fa0d94a3d134,True
58b3fb4c-07fa-4cc3-91cc-3a50fa1bbe41,True
3a9af9b2-d302-4231-88d8-56031a27a233,True
a4eace68-f87b-43eb-9697-f50885c62c1f,True
20f7787d-91fc-4578-aa82-7015aa774b00,True
1f5fe20e-4d40-4189-aace-43d2c66fd5d1,True
50ce283f-73c7-4ccd-b643-52594f6244ed,False
1683e0b0-f96d-4947-9783-485043ba7c45,True
95905fbb-78a8-48d1-a62a-4e6efe0d8445,False
d873d83c-9104-4574-9ad8-2485e680bcbe,False
d5fed0eb-fd21-4d84-8b84-a353e4d7677b,True
c55ff1e6-387d-400d-813b-76d1d69a0809,False
47ff0a25-4a08-4e15-a843-3033042e68fd,True
757975d9-371a-488a-b84e-f892373a5221,False
924b5575-eb2a-4653-960c-e566d045a3dc,False
74e5edea-26fe-4bad-a4e8-0b334ec16734,False
41d58ead-25fb-414b-bc3f-f3b9ac1b0204,False
467f646b-15d0-45d3-898e-4935b2b91c04,False
57b1748c-b6d4-4e9e-a073-0878aa3d7094,False
786a694a-7c94-4b8c-beab-43dabc21888c,True
a758145d-b81d-4cd5-b112-b9304b23ce06,False
867c014e-0401-4362-ba10-5f69aaae8892,True
23907f73-336e-428b-bbed-7be500d74b30,True
33b7e404-2bf1-4f8d-896a-db4ee885e745,True
94dcf377-cbb1-44ef-956a-acdab7b3ff37,True
6125bf3e-9d36-4993-b4a0-ad7a5a756c1b,True
1bad04ac-3658-4b21-b596-56cfd0a00b13,True
fef1b62a-9067-4c53-a6d0-7083d2125984,False
65dc269d-2987-4bc6-afad-78f732453c0a,True
8a575caa-6665-4a1d-97c3-cc1f9cf7dc17,True
2f9ba601-61e6-445d-8b23-1cf99752e3c7,False
6439ea9e-db2a-4540-be66-3932ce12c737,False
7c174d59-cc80-4dfe-ba37-bb72bbc02065,True
ad432a6f-2a1d-41a9-80d3-af62173d033b,True
3d3daf1d-9f71-4d7c-8a8a-91b858a75f14,True
aa52596f-d589-4bf9-9375-ed782d79d72e,True
66a88cee-0479-45c4-a4b4-f991228e8105,True
1beaf780-9e8c-421c-a656-e20e8f3de1b6,True
921976ef-3190-42bb-b375-fc00298f0c08,True
6f3b6404-51f9-4d6b-90bb-41a0250b057e,False
b5ebeabf-5cfb-4afb-94e8-85ee6dbb0bda,True
54fb633b-212a-4243-aa98-2716a857ac42,True
acbf8cb1-6554-4969-b40b-10cdb6919560,True
90bf6ac5-b10c-4e38-86c9-4f9f851e05df,True
32a3f65d-104e-46e2-95a0-9c14ad5c075f,True
5a20dda8-962f-451a-8751-b388dc28eb86,True
57f093e1-6c52-4c57-85ca-23da8632616d,True
3c5669a4-b51a-448a-8586-5e8047ed71d3,False
2a47fd6b-8654-4afb-9027-f7a0a4cb7e14,False
ca501074-a3d7-4717-bd52-7c02d194d4dc,True
e129700a-ebaf-4c13-a61d-f9be6b00d3de,True
5cdca5da-5f3a-469d-ab6e-e447064c4495,True
10355cff-6062-479a-841e-6722f24afa48,True
4363ccb3-9770-45cc-bcdb-14cfd80c5fec,False
4b339598-ff3d-418d-adff-0a985fa09a84,True
2b488f2b-8c43-4276-8c4d-3d9aa60ecfbf,True
99c34e73-b3dd-4d5e-8306-2300a011acf9,True
55a1a560-be9a-4449-851b-1bbedcf311ef,True
37d336d9-9026-4e0d-a4e5-70fb1a77758f,True
cf87e569-6a1b-445f-80ba-ccceb0f6193c,True
adb0503d-b7ad-49d3-a250-86b3d4d83a04,False
a28c67e0-649a-4564-96c9-496e2952914f,False
aa811731-6843-45fc-9b02-f6b46725f016,True
d549fb0a-ebfe-4c1b-a1cd-f55bbab4b1bf,True
ffc9e6c4-16f2-4e4e-94e9-cb8591d6ba9e,True
4a1c3ad7-daaf-43d4-bd1b-fc51b76440c0,True
14671817-e3f3-4983-99ea-1236fdf146b6,True
28e01a23-07df-446a-bf8d-270f59dae4a2,False
2119fb0f-6cc2-4be5-af07-59dfc0edfafb,True
b2bae8f5-bdf7-4675-b551-f3663e132eaf,False
f30b628d-f460-4319-8c3d-32d29754024b,True
cc03671b-7e23-4ecc-b610-d187eb47fbcf,False
a7d825d0-9596-4634-b8ef-829222b7aaaa,True
8c5196ae-4bd5-4b4d-83f8-a3b032eac8e3,True
1235cf20-66ff-43ce-8065-8296b1b94807,False
78ead5bf-2605-4b93-b938-c24485fe7a9e,True
65d0cd9d-583e-49d9-8a32-9b7d37c8893c,True
2b7ebc33-5c1b-41de-9d8d-3d641779a792,True
20ff2028-11eb-4eca-87af-c979852f7b71,False
66679052-b43e-4211-9a6c-8f6017ab4578,True
fed5bf2b-eaf1-4073-a6b4-0378c6a83686,False
27b5304f-ef39-4556-b275-fad59410f7fb,True
8c5dfe72-6264-4876-8351-d107f80443eb,False
257e0541-6550-4d10-ada2-78ac0d2b966d,True
b972f245-545b-4a12-8f6d-d6a9c6c6c583,True
f06bf495-2d8a-4f95-b3db-20bbb7bffb11,True
948376c0-cb71-4102-badc-8872882ee3ff,True
4050f88a-9414-4134-8c98-dd37760954d2,False
e48a181a-ac95-45b7-a96e-2b030642dd47,False
56fbee67-7ab9-45ed-985f-d4770a6940d9,True
3c6a4ce5-aeb0-47b0-8e36-3dce28911257,True
472ee200-21ec-4f24-96ec-a4d13e3f748f,True
2b67c6c5-635c-44f1-8389-ed4a85dfe662,True
acc0b7e1-a3dc-48c3-bc7f-a3b14223076a,True
2a2d85b1-645d-4ad2-819b-c0491a97e9ec,False
9b26abe3-19c9-4f7e-b275-202d4857ee99,True
a8de1c21-bb30-4863-bc09-00e9b0a35c23,True
31ef3505-f5cc-48e2-82b2-ce75c0af849c,False
090c4982-5311-4f54-b337-d5f085f9b09b,True
753591b4-c3ec-4420-b206-66830b4481ab,True
8f4cd6ee-1d5f-48ff-9476-380233572540,True
74960e52-2b7c-48b1-ae8d-918f256fdce0,False
4300a04f-79f5-47cc-9edb-7faf4e03bebf,False
3cec6194-2c00-4c3b-b580-d96b8022ff03,True
76034d5b-ff39-4609-8efa-3ba51e027571,True
e19669f5-b4be-4d73-97e4-79cc90a96ede,False
33c2a7ea-ff59-4fbf-892f-2f700ea0417a,True
4cb2d46d-3373-4ac2-9064-31703a90ef39,True
2f31940f-8a2b-46a7-b4d6-84e611652c31,True
42996bd0-6b22-44a0-9f1b-7566bfdfb0ff,True
6193c88d-8e7d-4016-a352-3e44b88b7e60,False
e6acbe52-de9f-4b4b-b991-17b603c377a6,True
7223987d-6074-413c-b81b-5326966a4ae7,True
081dfdd0-b752-448c-8c3f-b62aaed01d7d,True
a18fa2ff-f3d7-409d-af42-79d3d26978bf,False
6e07bc14-3369-4a4b-ba7c-644bd81e6ec1,False
72b4986c-9133-4f37-939a-ada05874fee5,True
a83b8272-1b49-47ed-a375-bd195effe8c2,True
126a339c-a07d-4a20-b3ca-54ce87c048d7,False
815ffa16-f830-4160-938b-1a86969d41fd,True
43424e4a-91a1-44d3-be40-3288ed74c81a,True
9758826c-cd49-4408-b4c3-97e6c0a242c1,True
8209272b-1172-4015-aa79-675caabf3963,False
9e299f3b-6e53-4660-ac50-954ee6b888fb,True
1a9cbc22-ee02-4c23-8701-a0fe9a4b6202,True
5e9b94b2-c9f1-486a-8a42-7318f1835bef,True
aad201d5-03cc-4075-a90a-107323cdd960,False
15a8e544-c028-4444-8fb7-a0f4ba477661,True
d7fcefea-8a8a-43d5-ab56-f066cca59684,True
180f7363-23b0-4a9c-a449-935ae09af852,True
e5b60187-7210-4dca-a6f9-76248528d7b8,True
41f9a943-bacc-47db-baed-13543d88b9a0,True
61d82b76-23e2-4e98-acb6-c938e2579d8c,True
6814f26f-fe7c-447c-bdf1-c48fec1985fb,True
50e253b2-e251-4798-8c1f-e5c307e5d93c,True
4f863533-df2d-4bcb-95d8-30463a5ca984,True
ca47d1b4-30e7-4221-8442-75d7e42a1d3b,True
204f7d29-213b-49c4-acf5-2e9e14553599,True
73a6406e-ed88-40d1-a0e5-ac4fadc6362a,True
ab0d633e-012b-4551-8dcb-8be1bce03320,True
239d659f-6ba1-48c3-a1f2-36cf7ec9eebd,False
bf4c39a7-a868-4db6-8677-39a4e8d37cb7,True
a6a4c372-9fd1-44fd-844d-f8e0cfdc4887,True
092437a9-cdf7-4998-a108-637958ebfd6b,False
b773f2bc-77e4-4c76-af21-cd870e2dc0b9,True
9d7e5830-b269-445e-b751-fd920717d455,False
faa87613-50cc-43f8-9719-9d6060a40b36,False
8ac52ca2-4624-4fc3-b917-ba537d74b02a,True
d9dc6808-2b78-4b82-b2a9-57e40ecdac8e,True
712ca58d-f155-4664-a613-32c72512befa,False
b65d6ad3-c115-496a-9cba-30ce0d591ee1,True
20af21fa-6791-4387-aac7-e8ae274e41c0,True
6c95b89c-5d3c-4935-9176-de0dfa5aaf32,False
88f0315c-060e-450b-863f-1f152d42a8fe,True
0cef57f8-2bf1-4e79-9eb8-bbc458327ec9,True
eb40b5f2-f62d-4b50-8024-81c28e5aefed,True
c5d491f8-7c2c-4268-800f-d136bb72477c,True
9b75e171-f16f-4d8d-a131-3f8c8bc04d95,True
48f1f44b-d617-46cf-8981-87abf55c6a7b,False
91dffa39-606a-4ba2-85dd-c1936776fa88,False
a493df6f-0d79-40bc-a3d8-f4fb3f1f08d2,True
4788eb3c-9614-4437-9597-2bd9efa9e7a0,True
c4b64888-90a9-4d4d-b230-0b20bf057e0e,True
b0e67203-e6ad-42a7-8246-70ade7d0d588,True
8d662cf2-4962-4b05-b843-86863d3931d5,False
657d88d2-df62-41af-9f7c-afa84551d0cf,False
1e7b25fa-8102-4f11-98fb-145cd6e95b73,True
d0adb36b-aa35-470b-b84b-ca0311f13d33,False
910b22aa-a3d4-43c0-8305-74db60d7ce8a,True
24767203-824e-4112-b6c9-e601c2cdcd09,True
d7645632-db5b-49e1-b3c1-06852332df61,True
c0f98a73-4413-4821-a60d-603e1c62ad13,True
e70e441a-d9c0-411f-a9e0-dc8a1de4da51,False
9889fc44-b390-4923-aece-49088e135d27,True
3c31134a-e899-40ea-892e-6c7a83bdb7a5,True
fc0e9214-da42-41f9-9446-ca1c5d95b080,True
edbb8c04-9687-482a-aec1-6e648dfa536b,True
3ba77512-f6ef-4ea4-bf37-e42e19e481de,True
e7eab4fb-c4cb-4843-9b56-73e596fa5ef4,True
05381ba2-2f33-4371-9207-1e19d585c37a,True
87122483-44e7-4f09-94d2-76bdc35c7ea8,True
8dc01d14-9ffd-48d8-8a42-be2a4584435a,True
301217ea-eb65-4f73-be76-c3bb6e072953,False
1f82dfe3-0ee8-4948-918a-88c02cbd9c8c,True
74cc380b-a370-493b-bf72-90ef9eb159df,True
7c5f4b81-6990-429a-9938-9660fe6ea50a,True
086884f6-146b-47f3-80fa-357f200b168c,True
625dfcf2-c1c5-4f8f-b213-c0fc3fe5d362,True
80408a63-789f-4896-8b0d-843ac74edd8c,False
03c73257-5e84-4c4f-a4ba-a4794763be7c,False
e9906e01-b481-46b5-af13-d3edc7356516,True
c2a72047-ff8c-446b-b406-c1868b754886,True
6fb00a0a-441e-451f-b8ba-1814461cfa40,True
e3c0bfba-d69b-45d6-8000-46564a51340b,False
7014f801-9b3a-4ba8-af23-537b9c8b552c,True
89005066-36e1-4797-89aa-b8fa4bd416c1,True
8d8f1208-967b-4b7c-ac3c-98387d29081b,False
eadab155-bc8a-43c8-8147-f116c42a20eb,False
d88d32d1-4474-4e58-ad53-65a997c11728,True
6abad30a-9948-436f-b9a2-fa62bff7766d,True
0b0ddf0f-d4de-4ef9-8958-8d9c94aff37c,False
c7a105dc-af84-4e6e-b532-a3dc59fc6b1f,True
9c9e6fc0-0167-4697-862f-33f34d5436aa,False
6e6da6b3-af34-4da3-be63-60d3bcb11a2e,True
07c64304-0f8a-44f2-8fbe-793a6c1f3141,True
76338ca4-f2e5-404b-92dc-9904de5ae353,True
c3b03c2a-2660-4b1f-a3e9-beff51e126d5,True
fad7045b-9b44-478c-b562-46fac3037a09,True
d832771d-7151-4c14-bab3-ebaac41870c6,True
3400c918-15a3-4903-8f4c-8d85fb0c2f2d,True
64c96bd5-1985-49c9-8742-6df2b64157e5,True
c6d50a24-b576-4893-9f31-ede70024445c,True
43e0e17a-0246-4da7-b4ba-0b92c6b48078,True
9c4cc023-59d5-4b83-a62c-ddf55358fcb4,True
cd212f5a-050e-4f65-8310-9602f4ccb5b0,True
85b2a308-cf71-48f8-a1d6-dd631536d4b7,True
fa004469-d7ef-417c-95e8-04de4968f8a2,True
7c63616a-7f10-4a63-b765-8d1fd0e4e39a,True
d1ea7cb8-965c-4d2d-b234-defa46fc4431,True
a90cd226-37f5-44d2-93e7-9c957dca5dc5,False
f1043024-98e7-45e6-b8d1-5674a2b663a5,False
98432f9b-011a-4640-b551-183321292b89,True
f414ab8f-406a-47f4-8be4-df57b43ce354,True
ad48c7a4-f8f3-460b-bd24-24d43578f523,True
8a3ebf29-efee-4c57-85b9-7da5a6dc0948,True
39a27a5d-2b20-4b4a-8929-077adec10e4d,True
d57c656c-8819-4ee6-adaa-e1c0450eca28,False
0add72c1-8072-4b9f-94de-222b8d08e295,True
db5cec1c-9743-492a-9439-1705c7e0fb20,True
44ff6354-f10e-46d6-b96a-213110c4dbb6,True
b5b7313e-c673-48d7-bb71-7d6317718fcb,False
e93d1acd-b1d5-4590-b524-9776d344bdee,False
b476fec7-47af-4279-9c70-cde8b2bcc293,False
42704986-4902-4beb-a683-d231ab06822e,True
afce3f64-c2f3-4150-a6d5-b138d0421242,True
123a4114-2341-47b7-9e68-11fb96d0291b,True
212362e4-2651-4751-8c2b-89f2fed47e41,False
b44ee44c-b9ac-48bc-8e4b-f1f12a15d19f,False
0ee2af66-7dda-455b-a96a-08e3104e0739,True
474a859f-9e77-4e6b-beff-df358f6defeb,False
43c7fc85-e155-40b1-b144-fae4ce05dd07,True
d3151f5a-ca1d-484e-8a05-289b238b7354,False
fca36cbb-3d93-4dc6-b080-462dc05382ca,True
f8fcb61f-1dc9-4194-9548-ec03a30f6d53,True
61a48f1f-4591-43df-8e14-97a67c93dc60,True
cb6aee62-6c3d-4ff6-8cb3-96182a2b5591,True
706d77ae-5281-4c65-80bc-6b7190ef24fe,True
8a6b2316-1216-434b-9f0c-a94397d844f9,True
d27e7269-ba42-4882-afcc-2a45fc4ca32d,True
68ecc13c-d8af-4c58-98f6-b321893401bc,True
852f004e-d90e-43bf-a0ff-f6d508f130c2,True
5aa65442-afd1-4984-b579-c54095bb92f2,True
8dfa9678-0e65-4e37-91db-f2f9f69d1422,True
3f0725fb-1d4d-47a3-a002-26defe21d79b,True
71146519-3e1e-44d3-b3ac-417e4db279da,True
9501a769-4973-4739-b58e-6dfb92a8746e,False
7fe12d55-ee4c-4f36-8b4f-4f401f9c411e,False
6fc146ba-690b-4cdc-a4a6-32e3487544c0,True
40d1b274-5eb8-4f4f-a450-ad1346458a81,False
10ee54f8-9f59-4ca5-9fbf-e24b7c00e6f3,False
d7e7e55c-999d-450e-870d-2e3d4209a58d,False
755a0a03-f4fd-4efe-b649-c6e8745ed325,True
00239a80-db5a-4f92-925b-80f6c8ffcd56,True
3fbbc5db-ba32-4686-82d5-10c32a7841f5,True
1f849298-5088-4847-9c60-fb2d698c9a6e,False
d1e10cb2-dc13-4f09-985d-95aae145cd94,True
36038e1b-81c9-4823-b845-23a0fe596daa,True
c126c4d7-ec03-4b09-b67a-887c51ffed5f,False
4dac6489-3e43-4411-98c4-7c2d76d55e98,True
ef634389-788f-4da9-a1b9-4a7772ddaed1,True
7411a582-eea6-4c1a-88bd-f4a058c96ab5,True
ba6fd1f7-0bfe-44ec-93a9-c6804b2f5c19,True
2d08d0b6-2d2d-4022-835f-cdaca4e252c6,True
9c1be527-85e6-43f5-b3e3-0d627a48898a,False
58ff00b4-0f2a-419f-be17-a7d40b9dcc33,False
838e1a3a-67c2-4c94-b982-7d66f85628f0,False
8de25bae-dde0-44e3-8392-98d8519b0d90,True
fc538f00-30a6-489c-b102-ed642e9512df,True
c61dd581-42a5-4cb7-8fab-cd898bdec5fe,True
b50ada26-0081-451f-832a-949137d19b56,True
2b09398a-7178-48da-9e91-c7c9c6615689,False
5ec1f6ae-3ad4-458d-b8b5-32cb1b9406aa,True
2ff88624-3138-42aa-9410-645ee0eb0962,True
30816888-eef6-4cbf-9e6e-40ebd6e59cb0,True
e8208316-7eb5-41ec-9202-f478931e57b1,False
5a3db1cc-c22b-47de-b91f-4bcf5d5fd245,True
65a4977d-a12b-4838-b391-d42bc9cb9c56,True
d5f7a6be-8140-4ddb-9ebc-67f05d40768b,False
d66d3975-2b6c-4513-9a39-cc9a2536f566,True
061519bd-d62f-4d86-aa47-7ad7853b8d8b,True
d1831c9a-56b9-414d-b379-571732aec55a,False
c9f35aba-a61d-40bd-a41f-2425191ed98b,True
af1a0c71-cee0-4d3a-bc92-0635595f7605,False
a775038d-20ed-4abf-850f-e741a1118c46,False
883600d2-edee-44be-8e8a-38da675481db,True
9b9d66a7-f1a8-4f3d-9182-d2a4234163a6,True
84b6befa-28ee-41e9-8c1c-5452bf3e6e48,False
05977f79-0c1b-4ddd-a6b7-bc0fe534f693,True
634a3652-9d9d-41fd-b307-58fcdd3f60f5,False
82483cfc-7621-4c6e-97b6-3bb2b8af10d4,True
b1610274-82d7-436d-bfa3-7bc9539b2d2d,True
9c9b551d-1e4e-492e-877d-9325ecff3be6,True
0b4f0602-78b6-45c0-ac72-dbc1a4a32881,True
5a9a13d6-531f-498f-b7ac-7656f54f4375,False
e17ad6ca-eb20-49ff-9016-1352fcdf5587,True
62703f31-d82d-44df-9676-432c1a3932d8,True
ea26edc9-dbd1-46f9-afbd-61a0a3399c19,False
69a1ca46-3643-493b-b0f7-003314b80918,True
7242fdda-f7fb-442a-b2c8-02dc317ae00f,True
038100ff-d752-42e7-ae62-35fa5889167c,True
8704c9ce-3ee8-4ebc-b46e-cba5dc1c98a8,False
2cfeff69-45d5-4775-84de-eecd52aed544,False
51141e50-7ff9-4233-93a3-0e2df3dce75c,True
24366656-5e66-438e-b17b-10aff8e8c939,True
aa1a9e01-2430-47df-bb36-5f2447447dac,False
3db11883-8173-4bc4-89a9-10db52956b4c,True
2c3514ee-49b6-42c1-b771-4cd6d293acaa,False
5b716fae-2b68-4c44-b58f-a851ba64f62d,False
30012ed3-7aaf-4436-9a38-b0f1039d97cd,True
3b7ec68b-56cc-4f94-8673-b9f3c8a2225f,True
4bcfd083-61bf-44d9-8ddf-a16c972848c4,True
6fb69b78-2217-4413-94cf-8ce46f6c8059,True
64efa3a7-9226-4abe-9562-31cff44558d7,True
6e453a99-3827-4005-a588-1552e237e68e,True
54a9b181-a5e9-43f5-a192-857166ef2211,False
4e13f8d7-ca52-4e1e-a25b-812e0fff57ad,True
9408385b-fe22-4cbe-a18a-e6a4c330835c,True
67afab81-572e-4094-8673-e703c8a8fec6,True
cb25b1cc-f9e1-4c6a-b488-7ee0dfc28c15,True
c34fdcae-3ec3-4594-932a-475cbd60b149,True
d497d5c0-7161-46a9-b7de-ea3393271b48,True
bdebbae2-8f5a-4e2f-93a5-7f83f17f349b,True
158780f1-8360-4ecd-9b28-0688626d9c73,True
d97de381-0d05-4381-b2e9-5cd7e69d0706,True
3caea8a9-0919-4dd7-b6d6-db03ab640df4,False
8bbe72e0-545e-4a7e-95b7-7c12e8663693,True
ed0d5869-9bc2-486e-be88-f66088369402,True
42a7a508-42bf-4015-88e5-2bac1882dcd4,True
287f2c98-3dcf-4f71-9188-d71c3b231fbd,False
7bc51995-0c18-4964-bb37-f41daec0e1c9,True
3b833b6f-205a-4234-a48c-e55b1691a17b,True
b79b0510-d6c8-496d-b34a-12b5af5ec0a8,True
0fb04368-94ee-4e2a-ba37-848ca526efa2,True
b841ba3c-ca78-4f45-910f-bb55d46e1a02,True
b366e90d-153f-4580-9a81-98e70b524fd4,True
5ab8bc3e-90c9-4af7-8152-9bca1119cd59,True
36414bb9-ffa1-4903-b9ef-cc672e0ea30f,False
f8f5b228-e3b9-4658-a8a0-ee9272fbbf15,False
e3ea942a-fc43-4b49-987e-68c3f2c1dd52,True
1408e145-ceb0-4a15-b7c8-6f4b77f654d8,True
6999d56f-aba5-45f4-a1a6-62a7b616c332,False
7eaa9188-bbc5-43f3-8b55-897c05f21d5d,True
29295360-3527-42e5-8046-4ab4601f9b31,False
16f1b03e-b6a8-4dd7-8f7a-f78e313d83f8,True
a0008704-b4c5-4d97-803d-b8b7108b60a4,True
54e0dc67-dbca-4c87-ad4d-4b9cbe70b2a4,True
95b7ce05-2a21-45b1-8ea4-c6c59d4175ab,False
d7e0310a-126f-4439-8a13-a622331f7d74,True
e92ca4f6-6acf-4c6f-8670-285834d31e62,True
88cc4efb-2249-44b0-8646-29ba28248728,False
f7abe8e3-3605-49a1-821a-0ac0715cddc0,False
5fc31858-eda0-44d4-aa14-d3c921d7600a,False
2ce86045-dc00-40c8-89ca-7ec299d0b920,True
77a25730-ca38-43fa-87c2-33def4d2722c,True
868b98be-aeb5-4b9a-a2f0-903e00e0ac12,True
113560f7-c69a-40c2-bd6b-d529decbcf36,True
40ea61d7-66dd-4494-a8bd-cd4a73c62bd0,True
0f1528d7-ea31-47dc-a1e9-ffe15e606c11,True
7ee61f77-008a-4a7c-bbc6-f06a2eebfb9e,True
49004d00-f6f3-45f7-a0e2-95d98ab932e0,True
02de231b-c6a7-4639-b960-106140230922,True
e7554690-159e-41d8-a0d5-c6c44e681052,False
4051ce0a-f34d-40d8-ab55-a02a6a3f67b4,False
1b143a65-e1cc-47f8-80ad-af21d2dd30ad,True
d83401f2-66a3-40e5-a414-c583893b2007,True
139202d8-b4ab-45c2-8cb9-6709e529512a,False
3a72c904-a152-4d03-b92e-d6b84e18b800,True
38baa09f-588d-4d91-a5ca-785147c46fbd,True
b2ebaed4-e456-4311-94c8-314f169d7f68,False
99cf7a98-27eb-4dfd-9107-ccfab0d2035b,False
69d97af5-fcfb-4b09-9f2c-41a8b2eb3692,False
2f419ba3-693b-424d-969b-d5e6eb4406fa,False
d627106a-f3b9-42ca-897b-165889c5d2de,False
7eca8dad-0b6f-4dae-a08f-d8e7cd055b17,True
47393ef4-7df1-4ecf-950b-2f19464e2b6f,True
5d8183a5-ffbb-42b4-8f5a-5197212d4436,False
5a432566-872d-406f-ba1d-fde7f764ba58,False
e131a4f4-b20a-4873-8608-a97a71300c64,False
c3198a9c-ad6c-4d83-b48b-39376dd1d377,True
106a2c2a-74d8-4957-8687-b50df70b3e7e,False
4b544aa1-6c6a-4f5e-b9b9-1f13a3a9cf01,False
5d516540-a7e8-4578-8108-16c83effe0ca,True
bed5cc0d-bbe7-4f20-bb91-043b65af5c13,True
d33fa616-75a3-4d44-abbe-4e55f49c79a7,True
59715fb8-33b4-4da7-8595-3b3f90b077ac,False
461adb17-5cba-4829-91d2-a48a913367e4,True
22314c58-977c-421a-bce4-bd3ecb53e790,True
60b85518-b5b9-4169-9e26-052fa3d01060,True
38ae3066-f632-43d4-a5eb-c01f99ae7c9e,False
3cb8eff5-b981-4446-b8e0-1bd9bd3bf13c,True
821ab9e2-9823-4ebb-a766-d794abb7b418,True
930923a7-c697-49f3-bf22-d34504a6267a,True
d3c40e34-8566-4524-83fd-a3dc0ae02716,True
d73d5300-6f8e-4832-a0af-1201d08c73a4,True
aa1b8dbf-8fa7-4657-a2ef-87638f797957,True
9099d8b0-2feb-4fd9-9c54-21cf4aa86eee,True
453bd65e-7384-40ae-bf49-1a49814fab36,True
370a22f2-9d56-4967-b723-be38cf4ba4e3,True
ac7e49ea-6b7b-4761-9e4a-56417de0bf31,True
d34c6580-f78a-4e73-82d3-c5c76ba85db6,True
403c1362-d21e-4f5d-9af3-af01f26fb05e,False
84798d29-8f54-4598-9a1f-90ea5a080b15,True
3512b952-2cc8-48e1-8b69-a3967bbb3807,True
e6466191-32f8-4c41-973d-9c64ce33a254,False
d577012d-944c-47e3-99ce-a157839c02f3,True
b4e50240-0aa4-4422-a4af-50d3b64629cd,True
2d48d8a2-3ccc-4e07-afa3-71198c4f5ea1,True
b2bd27b7-e4e3-46f3-8dd0-e63f28af7643,True
fb8da369-aef3-47ea-b2da-52e4bb4442b7,False
8cfcf1d6-1135-4de0-92c1-113f336587fd,True
602681c0-127a-4bfe-bfe9-29d1d5e432fe,True
c211f48b-6746-43a4-9de7-3265b61c9028,True
f836bdb9-4b9d-4e24-ab62-b915fe5c4b24,True
87ef9ccc-75d3-4890-bc28-cbb278f3f0bb,False
970d82b6-3a43-4800-b386-66e089003660,True
27e2989d-057b-4bb4-beac-d2b2ab2b8712,False
68cb7d51-f739-47f7-ae14-d78e18357bbd,True
40b01386-61f5-4a8b-8e89-4fd3302b69b7,True
a68bbda1-c0d9-4d7c-948f-1021de3adaa0,True
9834611d-1997-40f3-baf0-9209ef3ec6f9,True
cfd95d1f-64af-4a42-9cbb-8e45c96c5e66,False
1e72293c-a89a-4766-a8b6-3143af5dabce,False
0482041e-eaa0-48c7-a606-d1df5004f07d,True
652772aa-e017-484c-9ea5-e6ebf8840ae9,True
5c17b3ee-1669-4fae-a97d-3904c80f23e1,False
c256a21c-b8fe-4f4b-a972-3952daa3855e,False
33b9320a-5fbb-45ae-933a-d2096cab0a3d,True
5a787b6c-082e-46cb-b0f8-0d4b2bf0cdc7,True
e9588f5e-73af-4656-8115-03d19d13c3e5,False
e85ebfa8-0fe0-46fb-8a8c-13def37d5e76,True
23a0ddd3-3be8-4469-af5c-ddff12a8ce85,False
883ae168-dcdd-4ba3-b16f-4f1a7de74ac7,False
20851fdf-dd40-41dd-896e-20790a44be88,True
43b91067-28f1-4d2f-b37c-5ca93bba95a1,False
042d0a6f-d067-43f4-8568-2ff523434344,True
23cc0c4d-453a-40ec-a1cb-fe7af12880db,False
efedf904-be54-42b2-a76b-0eee64e1992a,True
30ff8cb2-a20f-47f8-857a-01fbd680d9d2,True
d2a7bcbc-c4c9-4230-83e5-12e860ba7014,True
3a2d3914-e701-4957-85b3-c3a0fbb5e844,False
bb19d52e-ec64-4199-aaa2-1f11e37dbbc9,True
db84e1a8-ee1b-4ea9-9e79-5a4bc0dd3bc8,True
d7fc8f28-418b-42e6-8950-43d54d10cf62,True
a402b119-a030-46f9-aad4-4d0a58f8e931,False
619805a8-b597-405f-9d9d-26d76065050f,False
dabc205a-b538-45a1-980a-cdc7af072bfa,True
edbdfa2e-c196-44b8-9307-ef24b02c9fee,True
06bed744-fc7f-4bd3-95f5-1a2e10403cba,True
a0dc8a42-66f6-479f-827c-c19e9f8f192a,False
44a9e22a-2851-47ac-be44-62c5f75a654b,False
8fda5971-a883-4da1-93e1-cf58ef58179e,False
f4e74afd-f27a-4482-9f6e-e32c8e3505b4,True
1e232010-bb6b-44fb-ab37-34abaef2ede8,False
df614a0b-73c6-4116-9286-be71d3b45b1b,True
aea0b9eb-83e0-4bf0-9cee-24eeaa062b4c,True
b0886069-9b64-40f0-beeb-731dcb885466,True
1095a7a3-2308-4dd9-80d5-c3bd8ea13f38,True
25ab21e2-7557-4c83-81e4-1603e31b2424,True
40058185-7bdd-489d-bff6-ce64be8cb345,True
503b1f15-9ac3-4fd0-af1d-86c0ec3bc40a,False
ab058607-53f6-4612-9f1b-5ad754e69b49,True
3751f644-093b-45ba-93fa-a02172fb7778,True
52cccafe-626b-471c-aa6e-a4bcb4abf328,False
e7678ac0-c5de-47e1-8a75-bf518425e596,False
e3ed6080-5449-43d7-8286-1672796d6bc5,True
162f3162-b85d-4ca4-95ba-7eddf9d1fb06,False
88b83899-783d-47a9-b7f0-2cb42d91794a,True
09625dcc-856f-4ab6-b309-3f2bae18374e,True
b6987986-e1f2-45cb-9dc5-025847db6aa4,True
114e22a3-ad65-4d6a-a3ee-38da22e64281,False
7cbbeaa5-a4ac-4e89-bbba-568631020fbf,True
6c6792d1-8598-48eb-8d71-4c2481ca0976,True
db5b763a-f52a-47e9-b5c8-034f478feee9,True
2dc29101-511c-4fe4-b91f-2085bf3b1006,False
e303dece-12ac-468b-ad9a-4be33b653e2c,True
fe4fb6f2-fc1b-49c3-b1d5-1abbeaf2c579,True
bf5682fd-603f-43fc-b7da-e84d515a6df9,True
c94c5e6b-a383-4c6e-a78a-7bbe22206da2,True
f3916ecb-ba01-454f-b3fa-1e6124a004ca,True
19f02a45-62f4-4d07-86ea-238fe38a1b28,True
ccc505d7-d253-4876-8db4-be46bc23b021,True
243eb566-ae90-40c2-ae06-3a591797918a,False
1f074adc-75f7-4732-aeab-7ffb26fd4d93,True
00408b2b-e2c3-4ee8-98e0-862a464a83cf,True
16d7e09b-a4ca-4886-879d-8413dd35cdac,False
f0906ff5-e884-4d02-b5ba-aa0b75446739,True
769a5ac3-5f7d-47bb-be4d-2700febdc70b,True
c461986a-2030-4e90-a60c-f0b1990e7bbf,True
47709de2-5cba-4d84-90ea-6330a3db7e77,False
7a461924-263b-4e36-875b-c7bad56e0363,False
546f2358-4604-45b5-b3b5-df74173415c5,True
af28cf88-07f3-45ce-88cc-88d438c099ef,True
15fe2c2d-a8c6-4821-9f5c-5a6c40461398,True
161e93ad-b52e-4537-a40c-c2cc79e73995,True
bb07edef-3df3-48ba-9526-a05ec2386e9e,True
87acf5b3-43fd-409c-8e31-d51e97c566d2,True
ec18d797-10d0-472b-99b7-f42b4b1b2acb,True
6eb66347-0949-45f7-99a4-2f692e6ce09d,True
59ff66fc-5eb4-4a4c-b53c-4f29bac186ee,False
d6e6a162-7271-4687-af60-5def741371b6,True
6ba79a70-1c2c-4ede-b796-fd1647cb4411,False
792a6b14-94fa-4c6c-8bff-db1ab9b8202b,False
3b15a4ed-f227-4253-b045-f67c4bd5ab0c,True
e7455b34-4b9b-478c-8528-39b3691e6f58,False
4168f300-8928-4bbe-8486-9c844fa9c686,True
b01a7257-cafa-45a7-a82a-4929e441f387,True
5778c608-3d3f-4e6e-9344-5682e2b0b1c3,True
09910279-cd49-46f9-a879-6a0fb4591e77,True
90ff8ac8-597e-4030-96d9-60bfcdff0ac3,True
f4c8f4eb-9191-4cb9-8a0b-a455b0f2c94f,False
59684470-31b8-467f-a87b-b77040eb6eb7,True
920a333f-6c0d-4d63-b0db-fd75b88a07d3,True
f53d5b0b-0be1-4281-806e-377eb0f6dd69,True
bbc472e0-0632-436e-b690-9e1151c209e9,True
572cbf55-c8bb-4c65-9827-ab0cb834bbfb,True
d0092b5d-682d-4004-a810-95a7db1dca31,True
f7ce5297-2878-4421-b00c-d0a3e0c61fbf,True
f97fc68c-5d6c-4509-8b46-013ca4108419,True
07b06989-5b0c-48b9-9df9-8767bff6b8c9,True
9a802cdc-e82e-436e-95cf-be0a63d3f1ea,True
bfae0a03-fc11-478d-b1ca-0509a61a2041,True
8030c6a2-82c0-4d39-9f60-6a7a45209523,True
c3255f19-60cc-408f-a942-5b4a2f5d18b7,True
7ba61e30-04f1-4a3f-8227-a9f1dda44b70,True
51c97a81-9859-4d63-b81f-aca760fd2b4d,True
e4af9d32-949a-4045-acde-82b23abff857,True
2338562c-e969-466f-a3b1-fc8a8bf5efc1,True
fe021e67-56c1-408e-8948-ecc1c7808401,True
efcb2e26-9031-4077-aa7f-c9fbc72c47f7,True
cce3856a-bd3a-4fc7-b1b1-235ca88751b6,True
e294a8b2-9c5a-4f58-a86b-92c3853b7983,True
dc26ab47-9650-44fc-8f69-c4be67566655,True
33b9878a-ee08-4343-90b1-2981846c5c9a,True
1aacc985-2f8b-4a60-a805-6e7c4e29fb55,True
62baaac0-5f84-42fa-a288-1c09eeb76e19,False
1b5c103d-8172-4051-aad0-d7b09e402cfd,False
da7e9710-15c4-41e6-b332-1201ca628ddf,False
05980fc5-867d-4816-9e22-73cc5177daf3,False
bb50eb08-7b62-4005-963e-29e1ffc508c7,True
9165cc8e-9665-45ab-93a0-e66837a187ff,True
0e668398-35cf-4103-b86e-ffb4ca9b7d9b,False
200b1331-86bc-4b56-abc0-daeab3000075,True
7d0f4c66-98ab-4d34-ab49-5d45af3e70ca,True
3b61214e-9567-4e80-ad6c-34034c966ed8,True
74aa26d2-5ca6-4532-aad7-fe94bb1e740f,True
330be25a-895e-46e6-9efc-1a9262f877e7,True
6a726fc3-4d85-4d8b-9e8d-dd3ca2719a50,True
61789e4c-1c5a-4ee1-a4e9-afb7098457c6,True
f7d05c34-5b4b-49f4-8804-3226f55ab761,False
4f975d69-ba4a-4241-addb-925fed2078f5,False
096d36f9-ddbc-4aed-8397-33e5ad38aead,True
c78c455a-69ba-4111-bca9-1ebc01bb6084,True
29a96149-f5f0-430a-8013-f68194c88612,False
8f6cb88a-492d-4e11-bc33-9552c65fe854,True
51e58851-40f2-425d-b74e-cce7ab6df055,True
1b0e9056-126f-44b5-b66e-5e48b133e16a,False
3df7025b-f96b-4cae-88f1-c1eb99570c55,True
df2afba6-f71e-42a6-96c3-0d188d187d91,False
ccebb01a-f515-4eea-8259-ebd44f2c91cf,False
f57b3206-431b-4f45-8eb1-03e25bc015c5,True
87abdb7a-ca64-4f2e-9af3-8e2890372e0f,True
b34bbd97-ad5f-468e-af4a-24564eb5977d,False
355a44e6-8a79-421c-bf46-03686059c8e5,True
822e7d7c-dfad-413a-af6a-fea92154c676,True
aa5e87e2-b3ff-4de5-94a8-dddb1f4981a8,True
d7d55660-538e-41a1-bcc5-80887daccd7d,False
03dd10c1-8079-42d0-965f-c1d88b3c354f,True
c07a35de-281a-475a-be77-afc214f05a91,True
20498f30-03b2-43f8-894c-714f5121558f,False
cbeafe31-64ae-4868-a770-099ef0ded720,True
41af1fce-798a-4f11-bcda-3ae5246e0ab0,True
b02283d4-30aa-4718-ba1d-eac336c47996,True
de2ef0ee-8478-4629-a02d-7c961961836f,True
acfeaff8-d388-493c-b723-23e9f36c60f5,True
0bdf698e-051f-475f-9fcf-d25b133fab9c,True
93545193-48d7-4be9-a1b6-9470c5e91586,True
cbbbe82d-23a6-4582-bd1f-5ae779a75b81,True
850c8d27-26bd-4cf2-8a5a-374e624da881,True
50f06c83-6d4a-4b8b-952a-554ccea0e554,True
8830755c-cc8c-4413-94b2-520adbabfe58,True
879e9129-bf76-41c0-9df6-a9d7fd0fd46f,True
d89b73f7-2019-44fb-8d4b-7cea224bb83c,True
f74f2f9f-c464-4968-ad0f-f8ef1961467e,True
687a359b-070d-41d8-a555-2ffb2870a880,True
bf71110a-069e-4404-996d-b339f1fbdf63,True
0cc4fc10-c648-4ba9-a986-4ed462236998,True
557c0ad4-a88b-4c6e-b86b-ed2fca24539e,True
ede1b309-a532-4412-960b-3d8644a001f0,False
52739a78-f2fc-4889-8a06-34bc2a749734,True
aaa9e77c-0cf1-4040-b048-9ac26139fe6a,True
7aeeef5d-6135-4d3e-ae37-8e0ed56f3f5a,True
de2a9aac-d498-4ee7-913e-e75dff6d913c,True
ad8dbf54-2899-4264-82af-4634208284d6,True
624ccfdf-5276-4c22-8f67-3e3fdba5298b,False
b6a0fc82-6fda-4e8d-a074-25fa495be038,True
d5331982-6c7b-4aef-8e12-5dbef8a41093,True
398b5788-2a0f-4989-8828-daab597ce4a5,False
e23a4c44-dad4-4b46-854e-7e8107748374,True
34543330-905e-43fb-969e-157695add7bd,True
ae5213f8-13ac-48a7-8c94-882b77c82760,True
4d23790d-3406-480d-8740-b127c39e7960,True
c805ad79-9256-4d99-a7c4-00b325e109de,True
e4ed40a4-e10e-4ebe-815b-6e747d51dde4,True
1f2b13b3-046f-46f8-9f2c-29e05a78da9f,True
6519e278-9285-4432-9658-bf7c56084185,True
799a7740-3292-43f8-af44-12fd669bfd12,True
55d9d6fd-d270-4c64-82d7-8f746c6ee7c7,True
59960154-7fb2-4c5e-9697-a3589b187627,True
2cd1ef7b-40c0-4e75-9c91-9e171090ea5d,True
f7a2ba92-3b24-4d22-84e6-41fcc034910a,True
6a9ac8e1-8d9a-4d57-8f31-b523583a0163,False
c6f8cce0-b014-48d2-a513-ff6aefbe9da6,False
c7d72689-86e8-4144-a3f2-1a46d75c5568,True
57f62b0c-e867-4147-902c-7e226e911c0d,True
e8f9bf5c-9b7b-4917-9f68-218975cbaab4,True
a778d04a-bef7-4459-a2e7-e1775317c85c,False
c8349605-41cc-468d-9410-2614e690191a,True
c5c4fa52-333b-4864-9f6a-a0151e9dae39,True
68a09e6d-1df9-4a22-acca-e8daec3707e4,True
b0e9d9f8-f165-4549-babd-4d70f5f620d1,True
dd9eaee1-9989-48ac-87cd-d8a4bf3cd5bb,False
692dd865-9310-47e7-aee6-8fdd27ffbe65,True
21b8530e-1a4a-497e-bc0b-2e9ca15e825d,True
3e02018f-1c17-417d-846e-84a88d8c8b0b,True
e42e00f6-108a-48b3-ada1-b11286970084,False
c55fe892-745e-4f2f-9b5f-2e013bdfc4f9,False
78658b10-07b5-4618-942a-4a86c2649e72,False
e61b7bf5-15ac-4ce0-84ad-47b5af5dc1ec,False
7a5be9d0-0b40-48be-bf5d-201cd7136c93,True
e2606e4e-914b-4e67-b20d-84f0ce0936b0,False
d07df597-433e-443c-9939-bf11dcaf750a,False
08be129e-96f7-43eb-abe5-bcccbfebb937,True
fcc757a5-99d1-411e-8e56-5f8d4cc446f8,True
50bedf04-2613-4239-bf6e-ab50778ee964,False
20a02fbc-5e53-42df-8cc0-ebff788088a8,True
b4ae90a3-c291-469d-bb51-b46a0db1bbb1,True
928aa26b-10d5-4b11-9161-9f99d6562a03,True
030828aa-a701-4fa2-a1f8-4093f6dcfeff,False
40268deb-fb9b-4802-a09c-1cfabe72a2c0,False
f9178c3d-5cea-4f2e-a446-88da482e0026,True
caa191ba-8eba-4b47-b58a-f4b189b36f27,True
a6e46c40-4768-4102-958d-411b203e50e7,True
06d35c79-6ef5-4837-b535-227023db6bf5,True
fee247b5-5a70-4b8d-b0e2-78e5214a5cd7,False
be9f89d7-9242-4921-9274-206b8598c6c7,False
9317c3f3-45af-46cc-8ea4-1dd4574d2c5f,False
99f7a197-de6f-4e5b-b620-d230285757bb,True
18ce50d8-b491-4f85-993b-52a6ccb290a7,True
09ae6e90-379d-4cd7-89e3-dbebd11faaa9,False
d30fbb02-41ad-49ee-9ef1-6e64f6e6e1eb,False
4ca3064b-2187-4183-8801-14a1723f68e0,True
d7e93338-a12f-4997-b399-11e3e1df0fee,True
f7f465bb-7371-4340-b97e-17f54fcd944e,True
5201af3a-7834-433a-8322-7d3c3fb6fa17,True
24803692-cb4b-4e94-838f-667a553f071a,True
13884644-07ac-4a4e-b417-4411aadcead0,True
18a9b5e7-b4b9-4f5c-bf06-625d94005a71,False
f870bdeb-fc47-4d26-b3a4-b31d0c07c2f3,True
22c1a38d-26b1-43de-958f-04fdddf86ede,True
fb963a18-658c-47bf-ad40-96771d341656,False
a07601b8-b7bc-47d2-8343-15851e15fc4a,True
e63dcc9a-03e9-4f2a-8df2-cd5ee0f173b1,True
d8fc9a2d-edfa-45f6-8807-f16fbe6de7d7,True
31923508-ae7a-4bc1-9fe3-4aa3800ffc22,True
dbfea4a2-98d5-4f5c-8caf-d55d934cffbd,True
e1827be2-2aae-4598-b0cd-afafb38ffa98,True
b5c5754a-166d-4eaf-bc4d-fc492ef40d55,True
a5caa5d2-2166-4a0c-9eb4-6d1b969980e7,True
b9c0510e-0dbe-42f7-b526-f22af71a291f,True
21bb56d6-b193-4453-b517-a6626ef27121,True
d697ad4b-791f-4c27-8b27-4381c65ffc3b,True
c7c2262a-9abb-4f8a-9ec4-645766746faf,True
99b9d831-301d-4cab-a59f-5a888392e990,True
ab64ec4a-bdac-4b78-b767-7d6a199ecb35,True
b6863202-dac9-49ba-8127-20c0ccd0de6f,True
51eae5a5-8c65-4070-9238-89a3e66d413c,False
91c650f1-53bd-49d6-9fcc-69216a1e8632,True
c9d341c3-da91-41b6-9f87-e429fab7c020,True
6c502679-6b64-4ecb-bd00-527cf412a0ed,True
e056b81f-6bec-4af1-9f71-335dc785fa82,False
c4180480-43a8-469f-b7b4-7deec5f58ce1,True
6171b302-e95c-49c4-b1f5-b580547c1eae,True
d1b010f2-5eba-4f3d-8444-4eeee07c23e8,False
28cdd402-5e2a-489e-9456-6a383c5f8bd5,True
a7243f2b-b4b2-47e5-a2da-7b3aa74b56e2,False
9c386031-d8a9-4840-b7bf-e2d9957a8113,True
dcf29f01-2815-46e1-bfeb-46d1edf6120e,True
26128a6f-fdcd-4a42-8050-aae76eeeb130,True
19903a70-2177-455a-8a2c-7475123c3bcb,True
6e872972-e464-4140-8549-e7ea4a0a10e8,False
aa86f742-2900-40aa-b012-8bbf110369cb,True
2a0b8ad5-92df-405a-bcae-31326f89ec6c,True
26607f40-b12a-4aa9-b0f8-a2007663cf3f,True
2cde1861-9e94-46e0-8a7b-3914ed4dcec8,False
8efd6849-c004-4a0b-ac9d-5e5729fa05d4,True
fd6ec0fb-496d-4210-a032-0cdeed1fa0c4,True
482568ba-e688-429e-9fc5-792771d0e3bc,True
e219ad9c-257b-4176-a8b1-fb0ee8de7163,True
14ab9fda-bdeb-4e4b-b0d3-04c0dd0e06e8,True
b920ea30-8410-4750-b958-be1e027b65da,False
fc4c26b6-773b-42f5-ab10-f44f9065ad12,True
0ceb2580-94f4-40f5-a297-22b0b1e667e4,True
e21fdb0f-2163-46e5-9522-da6ab1124d8a,True
9f56e7a9-13a4-419b-b39a-f79aa5aee9cc,False
210573d2-4ac9-41ac-a3e9-22c4a62df060,False
b662c347-8ef7-4730-ab24-fbf14f79d7e4,True
2201eda8-3868-4807-ab63-9410c3815712,True
14efcf23-2168-4eb0-89f0-3ebf1c4bc72a,False
c51256e9-aca4-4254-83b6-59af72727849,True
32307c48-8b54-4621-80f7-e7e2509bd925,False
ad58ea6a-228f-4f63-880f-21431d6d9d01,True
bf1aae37-3169-4483-96e1-75d6c27382fa,True
c18cab2e-539f-4854-91aa-5726809265be,True
918e0a42-47d4-4abc-9e7c-a3c1be21dee7,False
f5afecd6-7ec2-4008-9429-e66537bb486e,True
22909dea-a05a-433e-bfef-3057248a4c0d,True
845c1f73-1c91-4be0-958d-7d6c69dea25c,True
462d6ba6-aa42-4fc8-95f5-52810168b715,False
a2808c92-0d03-4344-8b18-e99d5639b56f,True
3d87ab97-7a8e-4f83-bcfb-7790957f27d5,True
251cb5af-0bad-4450-9d88-825ef80c89ac,False
c317ef87-f359-4c83-880a-4e42a6131bc5,True
3f0623bd-c10f-403f-bf4b-bbe7479735df,True
b5da2ed0-2370-4677-b0fe-d6f2e4c367fc,True
6b50cd61-9223-4e0e-be4b-0433766054d5,True
4c476493-1111-43e9-a9d1-c11942f45893,False
34e96496-6bc3-4851-8a62-e5a4766a74a7,True
a26c7423-8caa-4551-bcb9-226cdb7f0115,True
45224a84-f7f5-48b8-9a24-b11570491970,False
6693486e-a0cb-490d-845a-82caee318a40,True
1709b177-4473-40ae-982f-da69b95b1905,True
44d500dc-f17e-4cce-9c6f-e17108336c6a,True
37cb11b1-1229-45e1-8652-a5cae7d7d9cd,True
d4be30ed-19f7-41bb-b0bd-7b46b3a8c14c,True
03e9a1d8-695c-4c6e-8cab-07ab36dfe99b,False
20a42be2-c0b5-4534-91e8-84612a2a570d,True
4a6db937-d999-48c7-9c29-7b0711e28ba0,False
0f228a3a-dfae-4586-af7c-f0e66ba3936d,True
845d3fab-cccd-40d7-89c9-8cd4722ab4f5,True
7381fd94-ce5c-48a7-be21-f3bb02c4e978,True
487850bb-866a-4afb-bec0-56d05f9af63c,False
97a18623-2480-48e9-9989-7e86a2368f3e,True
4ecc7ba0-22e8-456d-9e01-10679b67bd94,False
ea64c771-4b2f-4e2b-ba3a-5f1e80451d9f,True
b7a03a4c-157e-4c7b-b606-1c2ac375fae0,True
265696bf-0648-42cf-a212-a338d80465c8,True
3e141cdf-686f-4c56-b33e-acd74826c0a8,True
4e9ecec6-4a40-471a-bef2-082f41250eab,True
0f4c971e-3527-4f0a-882a-38132fd895ba,True
689bd15a-da55-40bf-8da4-1e321f2547b7,True
ebf40d67-cef6-4ac1-8f58-9f232e9ccd91,False
8bc7b22a-690e-4179-bc7a-5445e7dee1df,True
f0ca4b6d-9461-4c5a-8310-28e3cc93eac8,True
9dd769d4-c786-42ef-a268-4b2dbc191f1a,True
ced1fbf4-3168-4be6-8eec-bf638848b98b,True
3aa5b147-1c04-4aa7-8133-49dff3816785,True
3c3f0ed6-d9fe-4130-ace2-888fe19ec479,True
8a5ba753-96a0-4599-ab8c-3d8f52ae7b2d,True
bd6a4459-c66d-4e14-9467-73afb2c80f80,True
396edb63-1d09-415f-946b-2e68105da6e6,True
707e6b48-3532-4ca5-9e01-f5a3bb4f47e0,True
a548c666-4c23-47ca-9457-ca718aeedd0f,False
dc35cccf-2f01-4ae8-a538-b60fdd7d0806,True
f63a5cc5-19b8-43ed-9d08-8c6c2c171f57,False
dec2453d-f50c-4e08-adfd-fae99a091386,False
c045e0ae-6257-4d79-9f40-d4735fae4d70,True
30e05ee9-3192-40c3-9660-5871a23c1a15,True
82a6aafd-1401-406e-b2de-ce61c6d8bf7e,False
f845cd2a-72f0-4668-afc5-3c5678a3cad5,True
d897f3c2-ff2b-4d76-b842-755bbd13ce25,True
cddbaafb-94d0-40dc-8471-1f408ff71ff8,False
00dee495-4e66-4c55-8235-34a69113b940,True
4fcb55d6-8e44-483c-b2ab-af5a1ecaca14,False
32b86d14-2b23-4f1b-b287-83be2904babc,True
5dd9e2ca-9155-4ddb-90c6-bf90d5a548f9,True
c516671b-946d-4b52-b5e5-ebd8fbbba3c2,False
5b44031d-e1cf-4a28-95a2-708a11b89bd0,True
5fc6029b-bedc-4ce4-ba44-b1d36c813352,True
845c238c-6371-49f0-9390-655579e6b2ad,True
cf7908af-fde0-424a-9f25-189a7813991b,False
b1cd4e8b-92e5-4e64-b1e3-ddb385bfd190,False
73a65a83-6318-432a-a38d-cd6fbf976375,False
0acb2c08-5985-4c1e-b775-3d2036a50563,True
bfa3fff7-da7e-49e2-b4a1-b3fd68d7129d,True
19ed8680-b339-41ca-a75d-fe31525389d2,True
949c8a58-17b6-4102-b496-99c07988a985,False
8c7d5924-c260-45dc-b1c2-7ce07eafd98f,True
4622ae48-f887-4991-b192-9468d1aa5687,True
121da877-e441-4d95-bb87-fffe53b8f33a,False
ce07f078-3778-471e-8042-166b39b8b39c,True
ce1cdbf2-115a-4454-81b5-af64c65b792b,True
9e95540c-dc07-4a9b-bbd9-721432da1e93,True
6602520d-0d92-44ff-9923-4a5f5638a516,False
ab213f66-4529-45d8-b5e4-29af39b1bf6b,True
740c2ceb-8bfc-439e-9fdd-181c2f031617,True
d0165454-e402-461c-9658-20e7da625fbe,True
529a45bd-1539-4d45-a170-702a277019bc,True
8bd7da9f-b881-4f73-ba15-03614a48e421,True
2cce4127-0cd5-42a9-b210-f31132a269fa,True
cc96f649-598b-4fe0-9a72-12528e25adad,True
a0dbc673-dabb-45ca-83ae-793b9c9f8c54,False
c125822b-b709-4e1d-af53-b8470f455f15,True
24e692f3-614f-4a50-bf5c-cc3b49881b11,True
4c125a59-e757-424d-9519-389b7954e67d,False
307378d0-d1cb-4e3c-b1b9-becfa5f869d2,True
681cfc35-236c-4c73-95fe-3f8ba420a5de,True
370df162-a2e9-46dd-8200-04ac32e68bcf,False
ca17b50f-07e5-44fb-b7ab-c0bad077ed2e,True
c5238c1d-4b10-4442-8609-8f75bf9f69c6,True
3867975b-cfcd-44f6-97bf-c55b69e352f8,True
4867bcfa-71e3-4157-b7aa-eebd156ebb4a,False
792023cd-4d0e-4c3d-8537-79aa11b807a9,False
37edeca7-0c52-42d3-be58-fe3f5891c101,True
702d271a-d1c9-47e1-99fd-0da95245c2d6,False
5f87f690-4a11-4bd8-bd82-dac8573fc51a,True
884e3a56-3f88-4569-879a-b4b1fae3dcd0,True
3ffbafe3-8171-44f8-9e68-5649cf12b859,True
963980b7-1002-44c1-b4a9-8f20b6632d91,True
7faabc33-7915-4277-b1d2-3c3f03fb8300,True
ed9de938-ae45-4516-b620-958c984282f8,False
cc03b351-787a-47cb-919f-25d5862b57c7,False
e2ace4ba-e992-42f3-9260-4f26db180546,True
a0886675-2919-4573-9832-29be848590e8,True
47909c07-e385-453a-a8cb-74d08e553fc1,True
6712cbad-7d1b-4726-83aa-3e17a8d5dd75,True
2773ed81-f0f6-4bc6-9065-c5cc02b67765,True
f83b01bd-4a50-4cfb-9fd1-f6ac6641b49b,True
c5f1ecd8-e123-4c80-ada2-22a782577a0d,False
57314462-8152-4a6d-b242-c0362f6c7fda,True
93693d05-a6e8-4f20-b144-f0405573b896,True
9bcfdaf0-8425-48db-83f2-940547039de5,False
ad55fb91-63c7-407c-96f9-79567405a33f,True
8074a043-44b4-47f3-8f75-f9934642e483,True
42b97349-a463-4918-81d3-5e62b64ea97c,False
5274bf66-ddab-41d0-9ff7-a1815740533e,False
d41d271f-67f2-4ea5-bae1-d15d0456c18d,True
d8409656-cac3-47e3-85c3-ebc90c966464,False
a591d880-422b-4741-956e-e7b50519e776,True
598f1280-ae09-4203-8515-a6d0281c640f,False
d078808f-2474-4ff7-ae33-9938131408b9,False
62c401af-ac1c-4498-8a7d-5509e16c2d25,True
5fe24068-b666-4ee2-b2b5-92e614faaafd,True
14e51949-1151-454f-aeb7-8b0f1b476819,True
